1,1,200.97,244.43,108.59,51.52999999999997,1,1,1.0
1,2,116.59,323.37,144.79999999999998,78.5,1,1,1.0
1,3,726.9,259.1,84.80000000000007,53.0,1,1,1.0
2,1,201.25,244.52,108.58999999999997,51.53,1,1,1.0
2,2,95.03,326.45,144.8,78.5,1,1,1.0
2,3,714.53,260.13,84.80000000000007,53.0,1,1,1.0
3,1,201.53,244.62,108.6,51.52999999999997,1,1,1.0
3,2,69.25,330.58,150.96,78.5,1,1,1.0
3,3,702.16,262.19,84.80000000000007,53.0,1,1,1.0
4,1,201.82,244.71,108.59000000000003,51.53,1,1,1.0
4,2,44.5,334.7,157.1,78.5,1,1,1.0
4,3,687.7,261.2,85.84999999999991,57.10000000000002,1,1,1.0
5,1,202.1,244.8,108.59,51.52999999999997,1,1,1.0
5,2,19.76,336.76,157.09,82.63999999999999,1,1,1.0
5,3,672.24,264.29,94.05999999999995,57.099999999999966,1,1,1.0
6,1,202.38,244.9,108.59000000000003,51.53,1,1,1.0
6,2,0.0,340.88,156.2,82.63999999999999,1,1,1.0
6,3,657.8,266.87,94.07000000000005,57.10000000000002,1,1,1.0
7,1,202.66,244.99,108.59,51.52999999999997,1,1,1.0
7,2,0.0,345.0,137.6,83.60000000000002,1,1,1.0
7,3,643.37,269.45,94.05999999999995,57.10000000000002,1,1,1.0
8,1,202.94,245.09,108.58999999999997,51.53,1,1,1.0
8,2,0.0,350.2,109.8,82.5,1,1,1.0
8,3,629.96,272.54,94.06999999999994,57.099999999999966,1,1,1.0
9,1,203.22,245.18,108.59,51.52999999999997,1,1,1.0
9,2,0.0,350.2,87.1,82.5,1,1,1.0
9,3,615.53,273.57,94.06000000000006,57.10000000000002,1,1,1.0
10,1,203.5,245.27,108.58999999999997,51.53,1,1,1.0
10,2,0.0,350.2,60.3,82.5,1,1,1.0
10,3,599.03,277.7,94.07000000000005,57.10000000000002,1,1,1.0
11,1,203.78,245.37,108.59,51.52999999999997,1,1,1.0
11,2,0.0,364.6,36.6,70.19999999999999,1,1,1.0
11,3,582.5,276.7,99.25999999999999,60.160000000000025,1,1,1.0
12,1,204.06,245.46,108.60000000000002,51.53,1,1,1.0
12,3,568.1,277.7,97.15999999999997,63.30000000000001,1,1,1.0
13,1,204.06,245.46,108.60000000000002,51.53,1,1,1.0
13,3,553.67,281.82,97.16000000000008,63.30000000000001,1,1,1.0
14,1,204.06,245.46,108.60000000000002,51.53,1,1,1.0
14,3,536.1,285.95,103.38,63.30000000000001,1,1,1.0
15,1,204.06,245.46,108.60000000000002,51.53,1,1,1.0
15,3,521.67,289.04,103.38,63.299999999999955,1,1,1.0
16,1,204.06,245.46,108.60000000000002,51.53,1,1,1.0
16,3,501.0,288.01,111.67999999999995,63.30000000000001,1,1,1.0
17,1,204.06,245.46,108.60000000000002,51.53,1,1,1.0
17,3,487.6,291.1,107.5,63.299999999999955,1,1,1.0
18,1,204.06,245.46,108.60000000000002,51.53,1,1,1.0
18,3,467.0,292.13,111.60000000000002,65.37,1,1,1.0
19,1,204.06,245.46,108.60000000000002,51.53,1,1,1.0
19,3,450.5,295.23,111.61000000000001,65.35999999999996,1,1,1.0
20,1,204.06,245.46,108.60000000000002,51.53,1,1,1.0
20,3,432.98,298.32,111.60000000000002,65.37,1,1,1.0
21,1,204.06,245.46,108.60000000000002,51.53,1,1,1.0
21,3,418.54,301.46,111.60999999999996,68.41000000000003,1,1,1.0
22,1,204.06,245.46,108.60000000000002,51.53,1,1,1.0
22,3,397.92,300.4,115.78000000000003,72.60000000000002,1,1,1.0
23,1,204.06,245.46,108.60000000000002,51.53,1,1,1.0
23,3,378.3,304.52,117.87,72.60000000000002,1,1,1.0
24,1,204.06,245.46,108.60000000000002,51.53,1,1,1.0
24,3,359.74,305.6,118.86000000000001,75.64999999999998,1,1,1.0
25,1,204.06,245.46,108.60000000000002,51.53,1,1,1.0
25,3,340.2,308.69,122.94,75.64999999999998,1,1,1.0
26,1,204.06,245.46,108.60000000000002,51.53,1,1,1.0
26,3,318.5,312.82,127.10000000000002,75.63999999999999,1,1,1.0
27,1,204.06,245.46,108.60000000000002,51.53,1,1,1.0
27,3,298.91,319.0,127.09999999999997,75.64999999999998,1,1,1.0
28,1,204.06,245.46,108.60000000000002,51.53,1,1,1.0
28,3,281.38,323.1,127.10000000000002,76.70999999999998,1,1,1.0
29,1,204.06,245.46,108.60000000000002,51.53,1,1,1.0
29,3,258.7,325.16,130.19,76.70999999999998,1,1,1.0
30,1,204.06,245.46,108.60000000000002,51.53,1,1,1.0
30,3,237.0,327.22,137.5,83.88,1,1,1.0
31,1,204.06,245.46,108.60000000000002,51.53,1,1,1.0
31,3,212.25,328.25,139.55,83.88,1,1,1.0
32,1,204.06,245.46,108.60000000000002,51.53,1,1,1.0
32,3,192.7,333.41,140.54000000000002,83.88,1,1,1.0
33,1,204.06,245.46,108.60000000000002,51.53,1,1,1.0
33,3,170.0,336.5,146.75,88.0,1,1,1.0
34,1,204.06,245.46,108.60000000000002,51.53,1,1,1.0
34,3,141.1,339.59,153.98999999999998,88.0,1,1,1.0
35,1,204.06,245.46,108.60000000000002,51.53,1,1,1.0
35,3,115.3,346.81,158.14,88.0,1,1,1.0
36,1,204.06,245.46,108.60000000000002,51.53,1,1,1.0
36,3,84.34,350.94,165.4,90.06,1,1,1.0
37,1,204.06,245.46,108.60000000000002,51.53,1,1,1.0
37,3,63.7,354.03,166.45999999999998,94.17000000000002,1,1,1.0
38,1,204.06,245.46,108.60000000000002,51.53,1,1,1.0
38,3,37.92,358.15,167.45,94.17000000000002,1,1,1.0
39,1,204.06,245.46,108.60000000000002,51.53,1,1,1.0
39,3,11.12,364.34,172.57999999999998,94.17000000000002,1,1,1.0
40,1,204.06,245.46,108.60000000000002,51.53,1,1,1.0
40,3,0.0,365.4,163.1,99.30000000000001,1,1,1.0
41,1,204.06,245.46,108.60000000000002,51.53,1,1,1.0
41,3,0.0,368.5,137.3,102.39999999999998,1,1,1.0
42,1,204.06,245.46,108.60000000000002,51.53,1,1,1.0
42,3,0.0,376.7,109.5,100.40000000000003,1,1,1.0
43,1,204.06,245.46,108.60000000000002,51.53,1,1,1.0
43,3,0.0,383.9,84.8,93.20000000000005,1,1,1.0
44,1,204.06,245.46,108.60000000000002,51.53,1,1,1.0
44,3,0.0,396.3,53.9,80.80000000000001,1,1,1.0
45,1,204.06,245.46,108.60000000000002,51.53,1,1,1.0
45,3,0.0,400.4,30.2,78.80000000000001,1,1,1.0
46,1,204.06,245.46,108.60000000000002,51.53,1,1,1.0
47,1,204.06,245.46,108.60000000000002,51.53,1,1,1.0
48,1,204.06,245.46,108.60000000000002,51.53,1,1,1.0
49,1,204.06,245.46,108.60000000000002,51.53,1,1,1.0
50,1,204.06,245.46,108.60000000000002,51.53,1,1,1.0
51,1,204.06,245.46,108.60000000000002,51.53,1,1,1.0
51,4,944.86,220.72,15.139999999999986,67.01000000000002,1,1,1.0
52,1,204.06,245.46,108.60000000000002,51.53,1,1,1.0
52,4,937.62,218.66,22.379999999999995,67.01000000000002,1,1,1.0
53,1,204.06,245.46,108.60000000000002,51.53,1,1,1.0
53,4,933.5,218.66,26.5,73.23999999999998,1,1,1.0
54,1,204.06,245.46,108.60000000000002,51.53,1,1,1.0
54,4,929.4,218.66,30.600000000000023,73.23999999999998,1,1,1.0
55,1,204.06,245.46,108.60000000000002,51.53,1,1,1.0
55,4,924.2,218.66,35.799999999999955,74.23999999999998,1,1,1.0
56,1,204.06,245.46,108.60000000000002,51.53,1,1,1.0
56,4,921.1,218.66,38.89999999999998,81.44000000000003,1,1,1.0
57,1,204.06,245.46,108.60000000000002,51.53,1,1,1.0
57,4,917.0,218.66,43.0,81.44000000000003,1,1,1.0
58,1,204.06,245.46,108.60000000000002,51.53,1,1,1.0
58,4,910.8,218.66,49.200000000000045,83.53999999999999,1,1,1.0
59,1,204.06,245.46,108.60000000000002,51.53,1,1,1.0
59,4,907.7,218.66,52.299999999999955,83.53999999999999,1,1,1.0
60,1,204.06,245.46,108.60000000000002,51.53,1,1,1.0
60,4,900.5,218.66,59.5,83.53999999999999,1,1,1.0
61,1,204.06,245.46,108.60000000000002,51.53,1,1,1.0
61,4,895.3,218.66,64.70000000000005,83.53999999999999,1,1,1.0
62,1,204.06,245.46,108.60000000000002,51.53,1,1,1.0
62,4,895.3,218.66,64.70000000000005,85.59,1,1,1.0
63,1,204.06,245.46,108.60000000000002,51.53,1,1,1.0
63,4,895.3,218.66,64.70000000000005,87.64000000000001,1,1,1.0
63,5,889.02,239.94,21.57000000000005,35.43000000000001,1,1,1.0
64,1,204.06,245.46,108.60000000000002,51.53,1,1,1.0
64,4,878.8,218.66,81.20000000000005,93.84,1,1,1.0
64,5,880.6,239.94,29.99000000000001,35.43000000000001,1,1,1.0
65,1,204.06,245.46,108.60000000000002,51.53,1,1,1.0
65,4,874.7,218.66,85.29999999999995,92.84,1,1,1.0
65,5,875.21,239.17,43.889999999999986,35.430000000000035,1,1,1.0
66,1,204.06,245.46,108.60000000000002,51.53,1,1,1.0
66,4,865.4,219.7,94.60000000000002,91.80000000000001,1,1,1.0
66,5,868.28,240.71,43.889999999999986,39.28999999999999,1,1,1.0
67,1,204.06,245.46,108.60000000000002,51.53,1,1,1.0
67,4,857.2,220.7,102.79999999999995,90.80000000000001,1,1,1.0
67,5,861.3,240.71,50.870000000000005,39.28999999999999,1,1,1.0
68,1,204.06,245.46,108.60000000000002,51.53,1,1,1.0
68,4,854.1,223.8,105.89999999999998,92.89999999999998,1,1,1.0
68,5,858.2,240.71,44.0,39.28999999999999,1,1,1.0
69,1,204.06,245.46,108.60000000000002,51.53,1,1,1.0
69,4,846.9,223.8,113.10000000000002,91.80000000000001,1,1,1.0
69,5,851.27,243.02,44.0,39.28999999999999,1,1,1.0
70,1,204.06,245.46,108.60000000000002,51.53,1,1,1.0
70,4,840.8,223.8,119.20000000000005,95.89999999999998,1,1,1.0
70,5,842.8,245.33,44.0,39.28999999999999,1,1,1.0
71,1,204.06,245.46,108.60000000000002,51.53,1,1,1.0
71,4,830.5,223.8,129.5,98.0,1,1,1.0
71,5,835.87,246.1,44.0,39.28999999999999,1,1,1.0
72,1,204.06,245.46,108.60000000000002,51.53,1,1,1.0
72,4,822.3,223.8,137.70000000000005,98.0,1,1,1.0
72,5,828.93,246.87,44.0,39.29000000000002,1,1,1.0
73,1,204.06,245.46,108.60000000000002,51.53,1,1,1.0
73,4,817.1,223.8,142.89999999999998,98.0,1,1,1.0
73,5,818.92,249.18,44.0,39.29000000000002,1,1,1.0
74,1,204.06,245.46,108.60000000000002,51.53,1,1,1.0
74,4,810.0,223.8,150.0,102.5,1,1,1.0
74,5,811.99,247.6,46.309999999999945,40.87000000000003,1,1,1.0
75,1,204.06,245.46,108.60000000000002,51.53,1,1,1.0
75,4,803.8,223.8,156.20000000000005,102.5,1,1,1.0
75,5,803.52,249.91,46.31000000000006,40.869999999999976,1,1,1.0
76,1,204.06,245.46,108.60000000000002,51.53,1,1,1.0
76,4,794.9,223.8,165.10000000000002,106.09999999999997,1,1,1.0
76,5,794.27,252.99,46.32000000000005,40.870000000000005,1,1,1.0
77,1,204.06,245.46,108.60000000000002,51.53,1,1,1.0
77,4,787.8,223.8,172.20000000000005,108.80000000000001,1,1,1.0
77,5,786.56,252.22,47.870000000000005,40.869999999999976,1,1,1.0
78,1,204.06,245.46,108.60000000000002,51.53,1,1,1.0
78,4,780.7,223.8,179.29999999999995,108.80000000000001,1,1,1.0
78,5,775.01,253.76,47.860000000000014,40.870000000000005,1,1,1.0
79,1,204.06,245.46,108.60000000000002,51.53,1,1,1.0
79,4,771.8,223.8,188.20000000000005,108.80000000000001,1,1,1.0
79,5,765.76,252.99,47.870000000000005,40.870000000000005,1,1,1.0
79,6,945.3,231.79,14.700000000000045,40.880000000000024,1,1,1.0
80,1,204.06,245.46,108.60000000000002,51.53,1,1,1.0
80,4,764.67,225.58,188.20000000000005,108.79999999999998,1,1,1.0
80,5,755.0,253.76,45.539999999999964,40.870000000000005,1,1,1.0
80,6,941.45,233.33,17.75,40.87999999999997,1,1,1.0
81,1,204.06,245.46,108.60000000000002,51.53,1,1,1.0
81,4,759.32,228.25,188.19999999999993,108.81,1,1,1.0
81,5,748.84,254.53,45.539999999999964,40.869999999999976,1,1,1.0
81,6,937.6,233.33,17.75,40.87999999999997,1,1,1.0
82,1,204.06,245.46,108.60000000000002,51.53,1,1,1.0
82,4,753.09,229.15,188.19999999999993,108.79999999999998,1,1,1.0
82,5,738.06,252.99,45.530000000000086,40.870000000000005,1,1,1.0
82,6,931.44,234.11,17.75,40.870000000000005,1,1,1.0
83,1,204.06,245.46,108.60000000000002,51.53,1,1,1.0
83,4,739.7,230.04,197.13,113.26000000000002,1,1,1.0
83,5,727.27,254.53,45.539999999999964,40.869999999999976,1,1,1.0
83,6,925.28,233.33,17.75,40.87999999999997,1,1,1.0
84,1,204.06,245.46,108.60000000000002,51.53,1,1,1.0
84,4,729.9,231.82,200.69000000000005,113.25999999999999,1,1,1.0
84,5,715.72,254.53,45.539999999999964,40.869999999999976,1,1,1.0
84,6,919.88,233.33,17.75999999999999,40.87999999999997,1,1,1.0
85,1,204.06,245.46,108.60000000000002,51.53,1,1,1.0
85,4,718.34,232.71,206.05999999999995,113.26000000000002,1,1,1.0
85,5,706.48,256.84,45.539999999999964,40.870000000000005,1,1,1.0
85,6,912.95,233.72,17.75,40.869999999999976,1,1,1.0
86,1,204.06,245.46,108.60000000000002,51.53,1,1,1.0
86,4,712.99,232.71,206.05999999999995,113.26000000000002,1,1,1.0
86,5,694.16,257.61,45.530000000000086,40.870000000000005,1,1,1.0
86,6,906.02,234.11,17.75,40.870000000000005,1,1,1.0
87,1,204.06,245.46,108.60000000000002,51.53,1,1,1.0
87,4,702.3,234.49,212.30000000000007,113.26999999999998,1,1,1.0
87,5,683.4,256.1,47.82000000000005,43.14999999999998,1,1,1.0
87,6,899.09,234.11,20.809999999999945,40.870000000000005,1,1,1.0
88,1,204.06,245.46,108.60000000000002,51.53,1,1,1.0
88,4,690.7,237.17,215.88,113.26000000000002,1,1,1.0
88,5,669.5,256.87,54.01999999999998,44.73000000000002,1,1,1.0
88,6,891.39,233.34,20.81000000000006,40.869999999999976,1,1,1.0
89,1,204.06,245.46,108.60000000000002,51.53,1,1,1.0
89,4,680.9,237.17,215.88,116.83000000000001,1,1,1.0
89,5,661.8,256.1,54.020000000000095,44.72999999999996,1,1,1.0
89,6,869.1,235.65,35.39999999999998,40.869999999999976,1,1,1.0
90,1,204.06,245.46,108.60000000000002,51.53,1,1,1.0
90,4,671.1,237.17,225.67999999999995,122.13000000000002,1,1,1.0
90,5,647.9,256.1,57.90999999999997,46.299999999999955,1,1,1.0
90,6,857.5,235.65,47.0,40.869999999999976,1,1,1.0
91,1,204.06,245.46,108.60000000000002,51.53,1,1,1.0
91,4,663.1,237.17,226.5,123.93000000000004,1,1,1.0
91,5,637.89,257.64,57.90999999999997,46.30000000000001,1,1,1.0
91,6,848.26,235.65,46.99000000000001,40.869999999999976,1,1,1.0
92,1,204.06,245.46,108.60000000000002,51.53,1,1,1.0
92,4,652.41,239.84,226.5,123.92999999999998,1,1,1.0
92,5,625.6,257.64,61.72000000000003,46.30000000000001,1,1,1.0
92,6,835.17,238.73,46.99000000000001,40.87000000000003,1,1,1.0
93,1,204.06,245.46,108.60000000000002,51.53,1,1,1.0
93,4,639.0,239.84,230.10000000000002,127.46000000000001,1,1,1.0
93,5,612.5,257.64,74.82000000000005,46.30000000000001,1,1,1.0
93,6,824.38,240.27,47.0,40.869999999999976,1,1,1.0
94,1,204.06,245.46,108.60000000000002,51.53,1,1,1.0
94,4,629.2,239.84,235.39999999999998,127.46000000000001,1,1,1.0
94,5,598.6,259.18,77.93999999999994,46.30000000000001,1,1,1.0
94,6,819.76,240.27,47.0,40.869999999999976,1,1,1.0
95,1,204.06,245.46,108.60000000000002,51.53,1,1,1.0
95,4,614.94,241.62,242.55999999999995,127.45999999999998,1,1,1.0
95,5,586.3,259.18,81.7700000000001,46.30000000000001,1,1,1.0
95,6,813.6,241.04,47.0,40.87000000000003,1,1,1.0
96,1,204.06,245.46,108.60000000000002,51.53,1,1,1.0
96,4,605.1,241.62,244.39999999999998,131.88,1,1,1.0
96,5,573.98,260.72,81.76999999999998,46.299999999999955,1,1,1.0
96,6,803.59,241.81,47.0,40.870000000000005,1,1,1.0
97,1,204.06,245.46,108.60000000000002,51.53,1,1,1.0
97,4,591.7,247.0,247.1099999999999,130.10000000000002,1,1,1.0
97,5,560.12,261.49,87.88,46.30000000000001,1,1,1.0
97,6,785.9,243.35,57.75,40.87000000000003,1,1,1.0
98,1,204.06,245.46,108.60000000000002,51.53,1,1,1.0
98,4,579.2,247.0,252.5,131.89999999999998,1,1,1.0
98,5,547.02,260.72,100.18000000000006,46.299999999999955,1,1,1.0
98,6,772.81,241.04,63.10000000000002,40.87000000000003,1,1,1.0
99,1,204.06,245.46,108.60000000000002,51.53,1,1,1.0
99,4,569.4,247.0,256.1,135.5,1,1,1.0
99,5,533.2,262.26,103.21999999999991,46.30000000000001,1,1,1.0
99,6,763.57,244.12,63.09999999999991,40.870000000000005,1,1,1.0
100,1,204.06,245.46,108.60000000000002,51.53,1,1,1.0
100,4,552.5,248.8,263.20000000000005,134.59999999999997,1,1,1.0
100,5,516.3,262.26,106.25,49.34000000000003,1,1,1.0
100,6,752.0,244.12,66.19000000000005,40.870000000000005,1,1,1.0
101,1,204.06,245.46,108.60000000000002,51.53,1,1,1.0
101,4,540.0,248.8,275.70000000000005,141.7,1,1,1.0
101,5,505.52,264.57,106.25,49.34000000000003,1,1,1.0
101,6,741.22,246.43,66.18999999999994,40.870000000000005,1,1,1.0
102,1,204.06,245.46,108.60000000000002,51.53,1,1,1.0
102,4,525.8,248.8,275.6,144.39999999999998,1,1,1.0
102,5,493.96,264.57,106.26000000000005,49.34000000000003,1,1,1.0
102,6,731.21,246.43,66.18999999999994,40.870000000000005,1,1,1.0
103,1,204.06,245.46,108.60000000000002,51.53,1,1,1.0
103,4,513.3,248.8,281.9000000000001,148.8,1,1,1.0
103,7,950.8,228.58,9.200000000000045,41.99999999999997,1,1,1.0
103,5,477.79,263.8,117.70999999999998,49.339999999999975,1,1,1.0
103,6,708.14,246.43,83.10000000000002,40.870000000000005,1,1,1.0
104,1,204.06,245.46,108.60000000000002,51.53,1,1,1.0
104,4,499.9,255.9,285.5,144.4,1,1,1.0
104,7,945.2,226.9,14.799999999999955,43.67999999999998,1,1,1.0
104,5,463.16,264.58,117.70999999999998,49.33000000000004,1,1,1.0
104,6,697.36,247.2,85.41999999999996,40.870000000000005,1,1,1.0
105,1,204.06,245.46,108.60000000000002,51.53,1,1,1.0
105,4,481.2,256.8,296.2,149.7,1,1,1.0
105,7,942.1,223.1,17.899999999999977,47.47999999999999,1,1,1.0
105,5,450.07,265.35,117.69999999999999,49.329999999999984,1,1,1.0
105,6,686.57,246.43,85.42999999999995,40.870000000000005,1,1,1.0
106,1,204.06,245.46,108.60000000000002,51.53,1,1,1.0
106,4,467.8,260.4,301.59999999999997,146.10000000000002,1,1,1.0
106,7,936.8,211.4,23.200000000000045,59.17999999999998,1,1,1.0
106,5,435.43,265.35,117.70999999999998,49.329999999999984,1,1,1.0
106,6,675.02,247.2,85.42000000000007,40.870000000000005,1,1,1.0
107,1,204.06,245.46,108.60000000000002,51.53,1,1,1.0
107,4,455.3,260.4,299.8,154.10000000000002,1,1,1.0
107,7,934.3,211.4,25.700000000000045,59.17999999999998,1,1,1.0
107,5,423.11,265.35,117.71000000000004,49.329999999999984,1,1,1.0
107,6,661.16,249.51,85.42000000000007,40.870000000000005,1,1,1.0
108,1,204.06,245.46,108.60000000000002,51.53,1,1,1.0
108,4,438.3,264.8,307.90000000000003,154.2,1,1,1.0
108,7,929.3,211.4,30.700000000000045,59.17999999999998,1,1,1.0
108,5,408.48,266.89,117.71000000000004,49.33000000000004,1,1,1.0
108,6,648.81,249.51,89.30000000000007,40.870000000000005,1,1,1.0
109,1,204.06,245.46,108.60000000000002,51.53,1,1,1.0
109,4,420.5,266.6,317.70000000000005,154.2,1,1,1.0
109,7,925.1,211.4,34.89999999999998,59.99999999999997,1,1,1.0
109,5,393.07,268.43,117.70999999999998,49.329999999999984,1,1,1.0
109,6,623.4,250.28,103.15999999999997,40.869999999999976,1,1,1.0
110,1,204.06,245.46,108.60000000000002,51.53,1,1,1.0
110,4,402.7,266.6,323.90000000000003,160.39999999999998,1,1,1.0
110,7,919.3,211.4,40.700000000000045,61.900000000000006,1,1,1.0
110,5,381.52,267.67,117.71000000000004,52.39999999999998,1,1,1.0
110,6,609.58,250.28,112.36000000000001,40.869999999999976,1,1,1.0
111,1,204.06,245.46,108.60000000000002,51.53,1,1,1.0
111,4,385.8,266.6,333.7,163.09999999999997,1,1,1.0
111,7,915.1,211.4,44.89999999999998,62.99999999999997,1,1,1.0
111,5,366.56,267.09,117.70999999999998,52.410000000000025,1,1,1.0
111,6,599.8,252.01,112.36000000000001,40.870000000000005,1,1,1.0
112,1,204.06,245.46,108.60000000000002,51.53,1,1,1.0
112,4,368.9,266.6,337.20000000000005,165.79999999999995,1,1,1.0
112,7,911.5,211.4,48.5,62.99999999999997,1,1,1.0
112,5,352.18,265.94,117.70999999999998,52.410000000000025,1,1,1.0
112,6,584.8,252.58,108.95000000000005,40.869999999999976,1,1,1.0
113,1,204.06,245.46,108.60000000000002,51.53,1,1,1.0
113,4,353.8,271.9,344.3,167.60000000000002,1,1,1.0
113,7,907.1,211.4,52.89999999999998,63.79999999999998,1,1,1.0
113,5,340.1,269.97,117.70999999999998,52.39999999999998,1,1,1.0
113,6,573.29,253.73,108.95000000000005,40.87000000000003,1,1,1.0
114,1,204.06,245.46,108.60000000000002,51.53,1,1,1.0
114,4,333.3,273.7,354.09999999999997,172.90000000000003,1,1,1.0
114,7,902.9,211.4,57.10000000000002,63.79999999999998,1,1,1.0
114,5,324.57,272.85,117.70999999999998,51.829999999999984,1,1,1.0
114,6,558.91,254.88,108.95000000000005,40.870000000000005,1,1,1.0
115,1,204.06,245.46,108.60000000000002,51.53,1,1,1.0
115,4,313.7,272.8,361.2,177.39999999999998,1,1,1.0
115,7,896.5,211.4,63.5,64.4,1,1,1.0
115,5,308.46,271.12,117.71000000000004,51.829999999999984,1,1,1.0
115,6,545.68,254.88,108.95000000000005,40.870000000000005,1,1,1.0
116,1,204.06,245.46,108.60000000000002,51.53,1,1,1.0
116,4,294.1,278.1,371.0,177.39999999999998,1,1,1.0
116,7,892.6,211.4,67.39999999999998,64.4,1,1,1.0
116,5,295.8,273.42,117.70999999999998,51.829999999999984,1,1,1.0
116,6,537.05,257.18,108.95000000000005,40.879999999999995,1,1,1.0
117,1,204.06,245.46,108.60000000000002,51.53,1,1,1.0
117,4,275.4,277.3,379.0,181.8,1,1,1.0
117,7,886.8,212.8,73.20000000000005,63.0,1,1,1.0
117,5,278.55,275.15,121.19999999999999,50.650000000000034,1,1,1.0
117,6,517.49,256.0,112.40999999999997,42.06,1,1,1.0
118,1,204.06,245.46,108.60000000000002,51.53,1,1,1.0
118,4,253.1,280.8,387.9,187.2,1,1,1.0
118,7,881.8,212.8,78.20000000000005,64.39999999999998,1,1,1.0
118,5,264.74,278.02,121.19999999999999,50.660000000000025,1,1,1.0
118,6,500.8,258.3,119.30000000000001,43.77999999999997,1,1,1.0
119,1,204.06,245.46,108.60000000000002,51.53,1,1,1.0
119,4,232.6,283.5,400.4,188.10000000000002,1,1,1.0
119,7,877.4,212.8,82.60000000000002,64.39999999999998,1,1,1.0
119,5,245.8,278.0,124.02999999999997,52.39999999999998,1,1,1.0
119,6,486.4,258.3,118.17000000000007,43.77999999999997,1,1,1.0
120,1,204.06,245.46,108.60000000000002,51.53,1,1,1.0
120,4,208.5,283.5,405.79999999999995,193.5,1,1,1.0
120,7,873.0,212.8,83.70000000000005,64.39999999999998,1,1,1.0
120,5,231.99,280.3,124.03999999999996,50.099999999999966,1,1,1.0
120,6,472.59,259.45,118.17000000000002,43.78000000000003,1,1,1.0
121,1,204.06,245.46,108.60000000000002,51.53,1,1,1.0
121,4,187.1,287.5,419.19999999999993,197.5,1,1,1.0
121,7,868.3,213.9,84.20000000000005,64.70000000000002,1,1,1.0
121,5,215.31,282.6,125.70999999999998,50.099999999999966,1,1,1.0
121,6,458.79,261.75,118.16000000000003,43.77999999999997,1,1,1.0
122,1,204.06,245.46,108.60000000000002,51.53,1,1,1.0
122,4,164.8,287.1,431.7,205.0,1,1,1.0
122,7,860.5,213.9,87.60000000000002,64.70000000000002,1,1,1.0
122,5,197.47,283.75,127.42999999999998,50.10000000000002,1,1,1.0
122,6,445.56,262.9,118.16000000000003,43.78000000000003,1,1,1.0
123,1,204.06,245.46,108.60000000000002,51.53,1,1,1.0
123,4,137.2,287.1,443.3,212.09999999999997,1,1,1.0
123,7,853.3,213.9,91.20000000000005,66.9,1,1,1.0
123,5,180.79,283.18,129.10999999999999,52.44,1,1,1.0
123,6,429.45,263.48,118.16000000000003,43.77999999999997,1,1,1.0
124,1,204.06,245.46,108.60000000000002,51.53,1,1,1.0
124,4,113.1,290.7,455.79999999999995,219.2,1,1,1.0
124,7,848.3,215.3,90.70000000000005,65.5,1,1,1.0
124,5,163.53,285.48,129.10999999999999,52.44999999999999,1,1,1.0
124,6,417.37,262.9,120.42999999999995,49.5,1,1,1.0
125,1,204.06,245.46,108.60000000000002,51.53,1,1,1.0
125,4,87.3,295.2,465.59999999999997,217.40000000000003,1,1,1.0
125,7,844.2,215.3,90.39999999999998,66.59999999999997,1,1,1.0
125,5,148.0,285.48,129.11,54.21999999999997,1,1,1.0
125,6,403.56,263.48,120.43,49.5,1,1,1.0
126,1,204.06,245.46,108.60000000000002,51.53,1,1,1.0
126,4,60.6,299.7,473.6,220.00000000000006,1,1,1.0
126,7,836.7,215.3,92.89999999999998,66.59999999999997,1,1,1.0
126,5,131.32,286.63,129.11,54.22000000000003,1,1,1.0
126,6,388.03,262.9,123.27000000000004,53.0,1,1,1.0
127,1,204.06,245.46,108.60000000000002,51.53,1,1,1.0
127,4,28.5,299.7,495.0,229.8,1,1,1.0
127,7,831.7,215.3,92.09999999999991,67.39999999999998,1,1,1.0
127,5,114.63,286.6,129.11,57.129999999999995,1,1,1.0
127,6,371.92,262.9,123.26999999999998,53.0,1,1,1.0
128,1,204.06,245.46,108.60000000000002,51.53,1,1,1.0
128,4,6.2,304.2,503.90000000000003,233.3,1,1,1.0
128,7,827.0,215.3,93.5,67.39999999999998,1,1,1.0
128,5,91.0,287.17,138.9,58.25,1,1,1.0
128,6,358.69,261.7,125.61000000000001,57.69999999999999,1,1,1.0
129,1,204.06,245.46,108.60000000000002,51.53,1,1,1.0
129,4,0.0,306.89,491.44,233.11,1,1,1.0
129,7,820.3,217.2,96.0,67.40000000000003,1,1,1.0
129,5,74.32,287.75,138.9,58.25,1,1,1.0
129,6,344.3,264.58,125.62,57.69999999999999,1,1,1.0
130,1,204.06,245.46,108.60000000000002,51.53,1,1,1.0
130,4,0.0,306.0,478.1,234.0,1,1,1.0
130,7,813.6,217.2,96.0,66.80000000000001,1,1,1.0
130,5,56.48,289.48,138.9,58.25,1,1,1.0
130,6,326.5,263.43,129.04000000000002,57.69999999999999,1,1,1.0
131,1,204.06,245.46,108.60000000000002,51.53,1,1,1.0
131,4,0.0,310.5,464.7,229.5,1,1,1.0
131,7,807.2,217.2,96.89999999999998,68.19999999999999,1,1,1.0
131,5,38.65,292.35,138.9,58.25,1,1,1.0
131,6,313.27,266.88,129.03000000000003,57.69999999999999,1,1,1.0
132,1,204.06,245.46,108.60000000000002,51.53,1,1,1.0
132,4,0.0,315.8,444.2,224.2,1,1,1.0
132,7,801.7,218.0,96.0,68.80000000000001,1,1,1.0
132,5,18.53,294.08,143.49,59.97000000000003,1,1,1.0
132,6,295.43,266.88,134.25,59.44,1,1,1.0
133,1,204.06,245.46,108.60000000000002,51.53,1,1,1.0
133,4,0.0,316.7,431.7,223.3,1,1,1.0
133,8,661.8,522.8,109.65000000000009,17.200000000000045,1,1,1.0
133,7,794.3,218.0,98.10000000000002,69.39999999999998,1,1,1.0
133,5,1.84,296.38,143.49,59.98000000000002,1,1,1.0
133,6,281.05,268.6,134.25,59.44999999999999,1,1,1.0
134,1,204.06,245.46,108.60000000000002,51.53,1,1,1.0
134,4,0.0,316.7,412.1,223.3,1,1,1.0
134,8,661.8,522.8,121.20000000000005,17.200000000000045,1,1,1.0
134,7,787.9,218.0,98.10000000000002,69.39999999999998,1,1,1.0
134,5,0.0,296.38,121.2,59.98000000000002,1,1,1.0
134,6,264.37,268.6,134.24,59.44999999999999,1,1,1.0
135,1,204.06,245.46,108.60000000000002,51.53,1,1,1.0
135,4,0.0,316.7,395.2,223.3,1,1,1.0
135,8,673.4,514.8,141.70000000000005,25.200000000000045,1,1,1.0
135,7,780.4,218.0,100.30000000000007,70.80000000000001,1,1,1.0
135,5,0.0,296.38,106.8,59.98000000000002,1,1,1.0
135,6,249.41,269.18,134.25000000000003,59.44999999999999,1,1,1.0
136,1,204.06,245.46,108.60000000000002,51.53,1,1,1.0
136,4,0.0,325.6,380.9,214.39999999999998,1,1,1.0
136,8,686.8,505.9,135.4000000000001,34.10000000000002,1,1,1.0
136,7,773.5,219.4,100.79999999999995,69.4,1,1,1.0
136,5,0.0,298.1,89.5,58.25999999999999,1,1,1.0
136,6,233.3,273.21,134.25,59.44,1,1,1.0
137,1,204.06,245.46,108.60000000000002,51.53,1,1,1.0
137,4,0.0,328.3,363.1,211.7,1,1,1.0
137,8,688.5,500.59,155.10000000000002,39.410000000000025,1,1,1.0
137,7,765.5,220.5,103.79999999999995,69.69999999999999,1,1,1.0
137,5,0.0,303.9,69.9,52.460000000000036,1,1,1.0
137,6,216.62,275.51,136.57999999999998,59.44,1,1,1.0
138,1,204.06,245.46,108.60000000000002,51.53,1,1,1.0
138,4,0.0,329.2,339.0,210.8,1,1,1.0
138,8,695.7,494.4,154.0999999999999,45.60000000000002,1,1,1.0
138,7,756.6,220.5,106.0,70.5,1,1,1.0
138,5,0.0,303.9,52.6,52.460000000000036,1,1,1.0
138,6,198.79,276.66,136.58,59.44,1,1,1.0
139,1,204.06,245.46,108.60000000000002,51.53,1,1,1.0
139,4,0.0,334.5,323.0,205.5,1,1,1.0
139,8,706.4,486.4,155.89999999999998,53.60000000000002,1,1,1.0
139,7,750.2,220.5,106.89999999999998,70.5,1,1,1.0
139,5,0.0,311.4,31.9,46.68000000000001,1,1,1.0
139,6,185.56,277.81,136.57,59.44,1,1,1.0
140,1,204.06,245.46,108.60000000000002,51.53,1,1,1.0
140,4,0.0,338.1,303.4,201.89999999999998,1,1,1.0
140,8,713.5,483.7,158.60000000000002,56.30000000000001,1,1,1.0
140,7,742.7,221.3,107.69999999999993,71.39999999999998,1,1,1.0
140,5,0.0,316.52,15.2,35.24000000000001,1,1,1.0
140,6,167.72,277.8,137.78,60.02999999999997,1,1,1.0
141,1,204.06,245.46,108.60000000000002,51.53,1,1,1.0
141,4,0.0,338.1,282.0,201.89999999999998,1,1,1.0
141,8,723.3,474.8,155.0,65.19999999999999,1,1,1.0
141,7,734.9,222.4,109.10000000000002,70.29999999999998,1,1,1.0
141,6,151.04,278.38,137.78,60.01999999999998,1,1,1.0
142,1,204.06,245.46,108.60000000000002,51.53,1,1,1.0
142,4,0.0,348.8,257.0,191.2,1,1,1.0
142,8,730.43,474.8,155.0,65.19999999999999,1,1,1.0
142,7,727.7,222.4,109.59999999999991,71.70000000000002,1,1,1.0
142,6,130.9,279.53,144.1,60.03000000000003,1,1,1.0
143,1,204.06,245.46,108.60000000000002,51.53,1,1,1.0
143,4,0.0,348.8,234.8,191.2,1,1,1.0
143,8,744.7,467.7,155.0,72.30000000000001,1,1,1.0
143,7,718.6,223.2,109.79999999999995,72.60000000000002,1,1,1.0
143,6,113.64,279.53,144.10000000000002,62.870000000000005,1,1,1.0
144,1,204.06,245.46,108.60000000000002,51.53,1,1,1.0
144,4,0.0,353.3,217.9,186.7,1,1,1.0
144,8,758.7,461.5,141.89999999999998,78.5,1,1,1.0
144,7,711.9,224.9,111.5,70.9,1,1,1.0
144,6,96.38,278.95,147.52,64.65000000000003,1,1,1.0
145,1,204.06,245.46,108.60000000000002,51.53,1,1,1.0
145,4,0.0,357.8,187.6,182.2,1,1,1.0
145,8,767.88,460.6,145.20000000000005,79.39999999999998,1,1,1.0
145,7,705.24,225.46,111.5,70.9,1,1,1.0
145,6,77.4,281.25,150.97,64.64999999999998,1,1,1.0
146,1,204.06,245.46,108.60000000000002,51.53,1,1,1.0
146,4,0.0,361.4,167.1,178.60000000000002,1,1,1.0
146,8,777.68,455.3,138.5200000000001,84.69999999999999,1,1,1.0
146,7,695.81,223.51,112.59000000000003,72.29000000000002,1,1,1.0
146,6,59.57,281.83,150.96,66.37,1,1,1.0
147,1,204.06,245.46,108.60000000000002,51.53,1,1,1.0
147,4,0.0,365.9,142.1,174.10000000000002,1,1,1.0
147,8,788.1,450.0,134.60000000000002,90.0,1,1,1.0
147,7,686.9,224.08,114.29000000000008,72.54999999999998,1,1,1.0
147,6,42.31,281.8,150.96,69.30000000000001,1,1,1.0
148,1,204.06,245.46,108.60000000000002,51.53,1,1,1.0
148,4,0.0,370.4,113.6,169.60000000000002,1,1,1.0
148,8,799.2,446.4,129.29999999999995,93.60000000000002,1,1,1.0
148,7,676.9,224.4,117.39999999999998,73.1,1,1,1.0
148,6,23.9,281.8,150.97,70.5,1,1,1.0
149,1,204.06,245.46,108.60000000000002,51.53,1,1,1.0
149,4,0.0,378.4,90.4,161.60000000000002,1,1,1.0
149,8,806.4,441.95,130.5,93.59999999999997,1,1,1.0
149,7,671.63,225.0,115.97000000000003,73.61000000000001,1,1,1.0
149,6,8.37,286.4,150.96,70.5,1,1,1.0
150,1,204.06,245.46,108.60000000000002,51.53,1,1,1.0
150,4,0.0,388.2,59.2,151.8,1,1,1.0
150,8,815.7,438.6,129.29999999999995,93.39999999999998,1,1,1.0
150,7,663.03,226.11,115.97000000000003,73.61000000000001,1,1,1.0
150,6,0.0,287.55,145.0,70.5,1,1,1.0
151,1,204.06,245.46,108.60000000000002,51.53,1,1,1.0
151,4,0.0,402.5,29.8,137.5,1,1,1.0
151,8,822.9,433.0,127.80000000000007,93.70000000000005,1,1,1.0
151,7,653.9,226.39,117.05000000000007,73.61000000000001,1,1,1.0
151,6,0.0,287.55,124.2,70.55000000000001,1,1,1.0
152,1,204.06,245.46,108.60000000000002,51.53,1,1,1.0
152,8,832.2,428.54,123.19999999999993,93.66000000000003,1,1,1.0
152,7,641.7,225.8,122.59999999999991,75.30000000000001,1,1,1.0
152,6,0.0,287.55,106.4,73.44999999999999,1,1,1.0
153,1,204.06,245.46,108.60000000000002,51.53,1,1,1.0
153,8,840.9,427.21,117.83000000000004,88.29000000000002,1,1,1.0
153,7,632.27,225.8,122.60000000000002,75.30000000000001,1,1,1.0
153,6,0.0,290.4,88.6,68.30000000000001,1,1,1.0
154,1,204.06,245.46,108.60000000000002,51.53,1,1,1.0
154,8,847.6,422.55,111.78999999999996,88.28999999999996,1,1,1.0
154,7,623.67,225.8,122.60000000000002,77.0,1,1,1.0
154,6,0.0,291.6,69.6,67.09999999999997,1,1,1.0
155,1,204.06,245.46,108.60000000000002,51.53,1,1,1.0
155,8,851.59,417.23,108.40999999999997,88.28999999999996,1,1,1.0
155,7,614.0,227.46,124.77999999999997,76.99999999999997,1,1,1.0
155,6,0.0,293.9,54.6,64.80000000000001,1,1,1.0
156,1,204.06,245.46,108.60000000000002,51.53,1,1,1.0
156,8,861.6,413.9,98.39999999999998,86.29000000000002,1,1,1.0
156,7,604.6,228.3,125.85000000000002,77.0,1,1,1.0
156,6,0.0,297.4,35.6,63.60000000000002,1,1,1.0
157,1,204.06,245.46,108.60000000000002,51.53,1,1,1.0
157,8,870.3,409.91,89.70000000000005,86.98999999999995,1,1,1.0
157,7,592.7,228.57,128.03999999999996,77.0,1,1,1.0
157,6,0.0,297.4,17.2,59.60000000000002,1,1,1.0
158,1,204.06,245.46,108.60000000000002,51.53,1,1,1.0
158,8,875.7,406.6,84.29999999999995,85.63999999999999,1,1,1.0
158,7,585.5,229.13,128.02999999999997,77.57,1,1,1.0
159,1,204.06,245.46,108.60000000000002,51.53,1,1,1.0
159,8,879.7,404.6,80.29999999999995,78.29999999999995,1,1,1.0
159,7,576.1,229.96,129.65999999999997,77.56999999999996,1,1,1.0
160,1,204.06,245.46,108.60000000000002,51.53,1,1,1.0
160,8,887.0,399.28,73.0,82.32000000000005,1,1,1.0
160,7,561.7,230.52,134.06999999999994,77.56999999999996,1,1,1.0
161,1,204.06,245.46,108.60000000000002,51.53,1,1,1.0
161,8,895.63,395.28,64.37,82.33000000000004,1,1,1.0
161,7,553.1,230.52,134.06999999999994,77.56999999999996,1,1,1.0
162,1,204.06,245.46,108.60000000000002,51.53,1,1,1.0
162,8,902.3,392.0,57.700000000000045,80.27999999999997,1,1,1.0
162,7,542.28,231.07,134.07000000000005,77.57,1,1,1.0
163,1,204.06,245.46,108.60000000000002,51.53,1,1,1.0
163,8,906.96,391.9,53.039999999999964,77.05000000000001,1,1,1.0
163,7,532.57,231.07,134.06999999999994,79.82999999999998,1,1,1.0
164,1,204.06,245.46,108.60000000000002,51.53,1,1,1.0
164,8,910.95,386.58,49.049999999999955,77.05000000000001,1,1,1.0
164,7,522.3,231.35,134.08000000000004,79.83000000000001,1,1,1.0
165,1,204.06,245.46,108.60000000000002,51.53,1,1,1.0
165,8,917.6,385.91,42.39999999999998,77.04999999999995,1,1,1.0
165,7,511.76,232.46,134.07000000000005,79.83000000000001,1,1,1.0
166,1,204.06,245.46,108.60000000000002,51.53,1,1,1.0
166,8,922.92,382.58,37.08000000000004,73.02000000000004,1,1,1.0
166,7,499.3,233.85,135.98999999999995,79.83000000000001,1,1,1.0
167,1,204.06,245.46,108.60000000000002,51.53,1,1,1.0
167,8,928.25,379.92,31.75,71.68,1,1,1.0
167,7,486.54,234.4,140.45999999999998,79.83000000000001,1,1,1.0
168,1,204.06,245.46,108.60000000000002,51.53,1,1,1.0
168,8,934.91,379.25,25.090000000000032,71.68,1,1,1.0
168,7,474.33,234.68,141.87000000000006,80.42000000000002,1,1,1.0
169,1,204.06,245.46,108.60000000000002,51.53,1,1,1.0
169,8,941.5,381.3,18.5,68.96999999999997,1,1,1.0
169,7,464.07,233.3,142.72999999999996,81.51999999999998,1,1,1.0
170,1,204.06,245.46,108.60000000000002,51.53,1,1,1.0
170,8,946.2,384.6,13.799999999999955,58.299999999999955,1,1,1.0
170,7,452.14,235.52,144.96000000000004,81.52000000000001,1,1,1.0
171,1,204.06,245.46,108.60000000000002,51.53,1,1,1.0
171,8,950.9,388.6,9.100000000000023,49.0,1,1,1.0
171,7,440.21,234.69,144.95999999999998,81.51999999999998,1,1,1.0
172,1,204.06,245.46,108.60000000000002,51.53,1,1,1.0
172,7,429.39,233.9,146.90999999999997,82.30999999999997,1,1,1.0
173,1,204.06,245.46,108.60000000000002,51.53,1,1,1.0
173,7,415.52,236.12,146.90999999999997,82.31,1,1,1.0
174,1,204.06,245.46,108.60000000000002,51.53,1,1,1.0
174,7,405.81,235.84,146.91000000000003,82.30999999999997,1,1,1.0
175,1,204.06,245.46,108.60000000000002,51.53,1,1,1.0
175,7,394.7,236.4,148.58999999999997,82.30999999999997,1,1,1.0
176,1,204.06,245.46,108.60000000000002,51.53,1,1,1.0
176,7,382.22,236.1,147.17999999999995,83.16,1,1,1.0
177,1,204.06,245.46,108.60000000000002,51.53,1,1,1.0
177,7,372.78,236.93,147.19000000000005,83.15999999999997,1,1,1.0
178,1,204.06,245.46,108.60000000000002,51.53,1,1,1.0
178,7,361.69,236.1,147.18,86.20000000000002,1,1,1.0
179,1,204.06,245.46,108.60000000000002,51.53,1,1,1.0
179,7,349.8,236.1,148.52999999999997,86.50000000000003,1,1,1.0
180,1,204.06,245.46,108.60000000000002,51.53,1,1,1.0
180,7,337.6,236.3,150.73999999999995,86.57999999999998,1,1,1.0
181,1,204.06,245.46,108.60000000000002,51.53,1,1,1.0
181,7,327.61,234.64,150.74,88.25999999999999,1,1,1.0
182,1,204.06,245.46,108.60000000000002,51.53,1,1,1.0
182,7,315.13,234.36,150.74,88.25999999999999,1,1,1.0
183,1,204.06,245.46,108.60000000000002,51.53,1,1,1.0
183,7,306.53,234.79,150.74,91.31000000000003,1,1,1.0
184,1,204.06,245.46,108.60000000000002,51.53,1,1,1.0
184,7,293.64,235.22,150.74,92.97999999999999,1,1,1.0
185,1,204.06,245.46,108.60000000000002,51.53,1,1,1.0
185,7,283.3,237.37,152.49,92.98000000000002,1,1,1.0
186,1,204.06,245.46,108.60000000000002,51.53,1,1,1.0
186,7,273.85,239.94,152.47999999999996,92.99000000000001,1,1,1.0
187,1,204.06,245.46,108.60000000000002,51.53,1,1,1.0
187,7,258.8,236.94,155.93,92.98000000000002,1,1,1.0
188,1,204.06,245.46,108.60000000000002,51.53,1,1,1.0
188,7,247.2,239.94,155.93,92.99000000000001,1,1,1.0
189,1,204.06,245.46,108.60000000000002,51.53,1,1,1.0
189,7,234.74,242.52,155.92000000000002,92.97999999999999,1,1,1.0
190,1,204.06,245.46,108.60000000000002,51.53,1,1,1.0
190,7,222.27,240.8,155.92999999999998,92.99000000000001,1,1,1.0
